552 552
4663.08 4603.35
4666.96 4353.55
4749.96 4257.36
4798.78 4179.68
4811.25 4221.67
4862.45 4226.33
4888.05 4181.33
4803.17 4172.7
4958.64 3925.33
4611.88 3753.89
4440.44 4033.16
4326.4 4453.62
4334.16 4603.35
-0.775758 4603.35
-0.775757 1861.82
-0.775758 0
368.485 0
7673.79 0
7673.79 3933.09
7673.79 4603.35
422.788 3594.86
398.739 3553.75
321.164 3543.66
272.291 3584.78
316.509 3634.42
381.673 3628.99
696.63 3521.94
673.358 3480.82
595.782 3470.74
546.909 3511.85
591.127 3561.5
655.515 3556.85
812.994 3634.42
818.424 3581.67
753.261 3580.9
740.073 3636.75
3414.11 4096
3388.51 4068.85
3342.74 4069.62
3312.49 4099.88
3335.76 4128.58
3383.08 4126.25
3716.66 4154.96
3687.18 4107.64
3627.44 4105.31
3584 4140.22
3620.46 4165.82
3678.64 4166.59
3884.99 4165.82
3911.37 4121.6
3819.05 4111.52
3834.57 4161.16
6027.64 3124.75
5973.33 3004.51
5884.9 2954.08
5711.13 2996.75
5608.73 2992.87
5526.5 2921.5
5358.93 2947.1
5131.64 2933.14
4915.98 2998.3
4819.78 3117.77
5043.98 3299.3
5073.46 3377.65
4860.9 3463.76
4761.6 3597.19
5175.85 3784.15
5377.55 3490.91
5714.23 3518.06
5818.18 3285.33
5912.83 3419.54
5988.85 3325.67
5926.01 3222.5
5463.66 2814.45
5426.42 2794.28
5387.64 2815.22
5421.77 2848.58
5271.27 2705.07
5235.59 2593.36
5072.68 2739.98
5100.61 2799.71
5171.2 2793.5
5037.77 2777.21
4960.19 2699.64
4882.62 2777.21
4960.19 2854.79
4798.06 3062.69
4705.75 2991.32
4593.26 2975.03
4535.85 3042.52
4574.64 3109.24
4742.98 3106.91
6662.21 3884.99
6596.27 3673.21
6193.65 3670.11
6128.48 3749.24
6421.72 3798.89
6603.25 1154.33
6574.54 1127.18
6508.61 1126.4
6474.47 1158.98
6500.07 1176.05
6573 1183.03
6485.33 2374.59
6375.18 2264.44
6225.46 2313.31
6020.65 2385.46
6140.9 2487.85
6279.76 2517.33
6379.83 2477.77
6248.73 2080.58
6209.94 1970.42
6368.19 1907.59
6270.45 1804.41
6150.98 1849.41
6067.2 1822.26
5988.07 1760.19
5895.76 1681.84
5561.41 1561.6
5166.54 1795.1
5420.99 1999.9
5618.81 1940.95
5651.39 2010.76
5751.47 2072.82
5882.57 2237.28
6099.01 2184.53
6330.18 2106.96
6350.35 1722.18
6346.47 1619.78
6047.81 1446.01
5883.35 1571.69
6000.48 1673.31
6180.46 1771.06
5723.54 2228.75
5608.73 2091.44
5474.52 2050.33
5437.29 2110.06
5539.69 2189.96
5648.29 2253.58
4533.53 1098.47
4447.42 1042.62
4339.59 999.952
4223.22 979.782
4075.05 924.703
3985.84 866.521
3947.83 670.255
3992.82 589.576
4066.52 462.352
3901.28 249.018
3589.43 13.1879
2811.35 13.1879
2930.81 224.194
3045.62 188.509
3276.02 243.588
3341.19 340.558
3301.62 391.758
2857.11 513.552
2779.54 636.121
2865.65 802.133
2617.41 798.255
2482.42 530.618
2317.19 513.552
2285.38 662.497
2383.9 639.224
2393.99 745.503
2628.27 946.424
2321.84 1252.07
2387.01 1637.62
1871.13 1738.47
1611.25 1843.98
1323.44 2024.73
1273.79 2224.1
1387.83 2356.75
1536 2410.28
1424.29 2293.92
1481.7 2075.93
1893.62 1878.89
2355.2 1733.04
2471.56 1848.63
2840.82 1879.66
3044.07 2036.36
3064.24 1850.96
2656.97 1601.94
2595.69 1446.01
2697.31 1222.59
2976.58 1009.26
3372.22 1281.55
3556.07 1134.16
3583.22 1251.3
3681.75 1268.36
3691.83 1197.77
4166.59 1264.48
4268.22 1322.67
4383.81 1238.11
2501.82 2771.78
2462.25 2704.29
2385.46 2704.29
2346.67 2771.78
2385.46 2838.5
2463.03 2838.5
1511.18 2775.66
1505.74 2548.36
1403.34 2487.85
1363.78 2721.36
1523.59 2936.24
1594.18 3047.18
1661.67 3130.18
1705.11 3206.21
1767.18 3307.05
2136.44 3310.93
2609.65 3324.9
2732.22 3203.1
2617.41 3155.01
2379.25 3240.34
2144.97 3223.27
1973.53 3217.84
1865.7 3156.56
1792.78 3187.59
1582.55 2893.58
3653.82 2699.64
3533.58 2208.58
3309.38 2264.44
3307.05 2430.45
3456 2749.28
3425.75 2975.03
3628.99 2977.36
3313.26 3213.19
3282.23 3095.27
3210.08 3079.76
3186.04 3173.62
3197.67 3280.68
3275.25 3280.68
4046.35 2053.43
3974.98 1980.51
3853.19 1959.56
3739.93 2030.16
3760.87 2130.23
3859.39 2061.19
3989.72 2064.29
5557.53 764.897
5388.41 599.661
5322.47 598.885
5298.42 622.933
5358.93 654.739
5545.89 822.303
6370.52 668.703
6344.15 643.879
6266.57 629.915
6251.06 657.067
6274.33 691.2
6337.16 694.303
4432.68 722.23
4398.54 582.594
4305.46 551.564
4244.95 529.842
4147.2 631.467
4136.34 723.782
4215.47 810.667
4338.81 806.788
5068.02 1342.06
4956.31 1401.02
5001.31 1152
4894.25 1140.36
4846.93 1270.69
4681.7 1194.67
4364.41 1426.62
4493.96 1554.62
4589.38 1539.88
5027.69 1729.94
5420.22 1519.71
5220.85 1397.92
1723.73 1020.12
1726.06 969.697
1639.95 968.921
1652.36 1019.35
1538.33 1411.1
1435.93 1331.2
1335.85 1276.12
1222.59 1275.35
1194.67 1392.48
1241.21 1443.69
1446.79 1477.04
841.697 1516.61
764.121 1443.69
688.097 1414.21
660.945 1456.87
701.285 1486.35
764.121 1598.84
678.012 1679.52
679.564 1729.94
885.915 1615.13
961.939 1664
1029.43 1574.01
620.606 1324.22
592.679 1210.18
336.679 1124.85
128.776 1119.42
141.964 1169.84
340.558 1183.81
589.576 1267.59
564.752 1390.93
574.061 1439.03
919.273 4243.39
785.067 4237.96
786.618 4284.51
911.515 4289.16
515.879 4137.12
466.23 4099.88
412.703 4138.67
467.782 4164.27
732.315 4063.42
681.891 4025.41
628.364 4064.97
684.218 4090.57
843.248 4122.38
806.788 4085.92
774.206 4120.05
809.115 4151.08
646.982 4226.33
608.194 4188.31
567.079 4225.55
609.745 4253.48
180.751 3630.54
66.7152 3590.98
18.6182 3476.95
11.6364 3763.98
82.2303 3845.43
225.745 4082.04
186.958 4044.02
145.842 4080.49
188.509 4109.19
321.939 4197.62
282.376 4159.61
241.261 4196.07
284.703 4224.78
1625.99 4595.59
1625.99 4519.56
1961.89 4343.47
1958.01 4409.41
2131.78 4334.93
2133.33 4268.22
2246.59 4220.9
2314.86 4120.05
1988.27 4219.35
1798.21 4364.41
1442.13 4420.27
323.491 4445.87
13.1879 4293.04
11.6364 4597.92
1453.77 4597.92
3667.78 4456.73
3657.7 4587.83
4304.68 4601.02
4314.76 4417.16
3670.11 4426.47
3669.26 4437.51
3593.31 4367.52
3472.29 4352.78
3371.44 4457.5
3256.63 4492.41
3172.07 4486.21
3111.56 4354.33
3016.15 4326.4
3303.95 4277.53
3265.16 4098.33
3232.58 4077.38
3139.49 4210.81
2932.36 4318.64
2760.92 4232.53
2753.94 4154.96
2673.26 4111.52
2673.26 4268.22
2452.95 4244.95
2290.04 4347.35
2275.3 4434.23
1796.66 4440.44
1656.24 4517.24
1657.79 4596.36
2259.78 4600.24
3159.66 4601.79
3628.99 4592.48
2530.52 3914.47
2446.74 3957.92
2427.35 4059.54
2584.05 4001.36
2700.41 3969.55
2856.34 4028.51
2900.56 4066.52
3018.47 3888.87
3001.41 3786.47
2908.31 3805.09
2958.74 3902.84
2902.89 3961.79
2747.73 3903.61
4030.84 4363.64
4057.21 4318.64
3964.9 4308.56
3980.41 4358.98
7669.14 988.315
7495.37 1148.12
7162.57 1012.36
7124.56 1206.3
7310.74 1284.66
7392.19 1366.11
7397.62 1511.18
7512.44 1809.07
7571.39 1985.94
7664.48 2344.34
7437.19 95.4182
7527.18 13.9636
6982.59 10.8606
6368.19 8.53333
6462.06 89.2121
6528.78 118.691
6601.7 260.655
6690.91 179.976
6993.46 172.218
7303.76 139.636
7374.35 176.873
6348.8 181.527
6355.78 131.103
6278.21 116.364
6286.74 177.648
5396.17 179.2
5403.15 128
5325.58 114.036
5334.11 175.321
5030.79 145.067
5192.15 74.4727
5272.05 95.4182
5382.98 3.87879
4805.82 11.6364
4919.85 102.4
4530.42 294.012
4424.92 149.721
4282.96 272.291
4365.19 320.388
1840.1 392.533
1866.47 225.745
1428.17 10.0849
913.842 8.53333
965.818 122.57
1063.56 137.309
1145.02 39.5636
1410.33 38.7879
1740.02 197.818
1830.01 246.691
1591.08 470.109
1638.4 432.873
1345.16 319.612
1041.84 395.636
1063.56 493.382
1363.78 437.527
736.194 697.406
529.842 673.358
279.273 778.085
467.006 770.327
553.115 1895.18
439.855 1791.22
377.794 1805.19
311.079 1749.33
317.285 1674.86
110.933 1532.9
3.10303 1656.24
510.448 2037.14
570.958 1985.94
662.497 1954.91
681.115 1905.26
248.242 1961.11
214.109 1928.53
176.873 1958.01
207.127 1996.8
881.261 2511.9
764.897 2289.26
705.164 2244.27
536.824 2131.01
469.333 2184.53
428.218 2233.41
525.964 2234.96
729.212 2511.9
842.473 2622.84
805.236 2733.77
896 2902.11
968.921 2885.82
871.176 2700.41
501.915 2844.7
271.515 2677.14
249.018 2738.42
443.733 2845.48
275.394 3049.5
315.733 3075.88
571.733 3158.11
502.691 3064.24
437.527 3063.47
424.339 3119.32
345.212 1314.13
310.303 1284.66
269.188 1314.13
307.976 1350.59
7667.59 4601.79
7669.92 4455.18
4684.02 4439.66
4689.46 4600.24
7673.79 3933.09
7670.69 3611.93
7666.81 3220.95
7292.12 3277.58
7024.48 3137.94
6472.15 2993.65
6384.48 2921.5
6480.68 2813.67
7276.61 2774.11
7459.69 2657.75
7459.69 2556.9
7368.15 2480.87
7273.5 2510.35
7179.64 2472.34
7061.72 2475.44
6960.87 2523.54
6825.89 2458.38
6747.54 2570.08
6628.85 2628.27
6513.26 2559.22
6646.69 2493.28
6721.94 2399.42
6669.96 2376.92
6467.49 2512.68
6476.8 2629.82
6430.25 2653.09
6261.14 2660.85
6313.89 2710.5
6216.15 2736.1
6131.59 2725.24
6021.43 2818.33
6251.06 2961.07
6295.27 3070.45
6442.67 3139.49
6576.87 3260.51
6745.21 3245.77
7004.31 3312.49
7271.95 3338.08
7416.24 3318.69
7538.81 3485.48
7605.53 3712.78
7530.28 3844.66
368.485 0
9.30909 10.0849
3.87879 993.745
89.2121 727.661
190.836 389.43
335.903 195.491
352.97 93.8667
0 1
1 2
2 3
3 4
4 5
5 6
6 7
7 8
8 9
9 10
10 11
11 12
12 13
13 14
14 15
15 16
16 17
17 18
18 19
0 19
20 21
21 22
22 23
23 24
24 25
20 25
26 27
27 28
28 29
29 30
30 31
26 31
32 33
33 34
34 35
32 35
36 37
37 38
38 39
39 40
40 41
36 41
42 43
43 44
44 45
45 46
46 47
42 47
48 49
49 50
50 51
48 51
52 53
53 54
54 55
55 56
56 57
57 58
58 59
59 60
60 61
61 62
62 63
63 64
64 65
65 66
66 67
67 68
68 69
69 70
70 71
71 72
52 72
73 74
74 75
75 76
73 76
77 78
78 79
79 80
80 81
77 81
82 83
83 84
84 85
82 85
86 87
87 88
88 89
89 90
90 91
86 91
92 93
93 94
94 95
95 96
92 96
97 98
98 99
99 100
100 101
101 102
97 102
103 104
104 105
105 106
106 107
107 108
108 109
103 109
110 111
111 112
112 113
113 114
114 115
115 116
116 117
117 118
118 119
119 120
120 121
121 122
122 123
123 124
124 125
125 126
110 126
127 128
128 129
129 130
130 131
131 132
127 132
133 134
134 135
135 136
136 137
137 138
133 138
139 140
140 141
141 142
142 143
143 144
144 145
145 146
146 147
147 148
148 149
149 150
150 151
151 152
152 153
153 154
154 155
155 156
156 157
157 158
158 159
159 160
160 161
161 162
162 163
163 164
164 165
165 166
166 167
167 168
168 169
169 170
170 171
171 172
172 173
173 174
174 175
175 176
176 177
177 178
178 179
179 180
180 181
181 182
182 183
183 184
184 185
185 186
186 187
187 188
188 189
189 190
190 191
191 192
192 193
139 193
194 195
195 196
196 197
197 198
198 199
194 199
200 201
201 202
202 203
203 204
204 205
205 206
206 207
207 208
208 209
209 210
210 211
211 212
212 213
213 214
214 215
215 216
216 217
217 218
200 218
219 220
220 221
221 222
222 223
223 224
224 225
219 225
226 227
227 228
228 229
229 230
230 231
226 231
232 233
233 234
234 235
235 236
236 237
237 238
232 238
239 240
240 241
241 242
242 243
243 244
239 244
245 246
246 247
247 248
248 249
249 250
245 250
251 252
252 253
253 254
254 255
255 256
256 257
257 258
251 258
259 260
260 261
261 262
262 263
263 264
264 265
265 266
266 267
267 268
268 269
269 270
259 270
271 272
272 273
273 274
271 274
275 276
276 277
277 278
278 279
279 280
280 281
275 281
282 283
283 284
284 285
285 286
286 287
287 288
288 289
289 290
290 291
291 292
282 292
293 294
294 295
295 296
296 297
297 298
298 299
299 300
300 301
293 301
302 303
303 304
304 305
302 305
306 307
307 308
308 309
306 309
310 311
311 312
312 313
310 313
314 315
315 316
316 317
314 317
318 319
319 320
320 321
318 321
322 323
323 324
324 325
325 326
322 326
327 328
328 329
329 330
327 330
331 332
332 333
333 334
331 334
335 336
336 337
337 338
338 339
339 340
340 341
341 342
342 343
343 344
344 345
345 346
346 347
347 348
348 349
335 349
350 351
351 352
352 353
353 354
354 355
355 356
356 357
357 358
358 359
359 360
360 361
361 362
362 363
363 364
364 365
365 366
366 367
367 368
368 369
369 370
370 371
371 372
372 373
373 374
374 375
375 376
376 377
377 378
378 379
379 380
350 380
381 382
382 383
383 384
384 385
385 386
386 387
387 388
388 389
389 390
390 391
391 392
392 393
381 393
394 395
395 396
396 397
394 397
398 399
399 400
400 401
401 402
402 403
403 404
404 405
405 406
406 407
398 407
408 409
409 410
410 411
411 412
412 413
413 414
414 415
415 416
416 417
417 418
408 418
419 420
420 421
421 422
419 422
423 424
424 425
425 426
423 426
427 428
428 429
429 430
430 431
431 432
427 432
433 434
434 435
435 436
433 436
437 438
438 439
439 440
440 441
441 442
442 443
443 444
444 445
445 446
437 446
447 448
448 449
449 450
450 451
451 452
447 452
453 454
454 455
455 456
453 456
457 458
458 459
459 460
460 461
461 462
462 463
463 464
464 465
465 466
466 467
457 467
468 469
469 470
470 471
468 471
472 473
473 474
474 475
475 476
476 477
477 478
478 479
479 480
480 481
481 482
482 483
483 484
472 484
485 486
486 487
487 488
488 489
489 490
485 490
491 492
492 493
493 494
491 494
495 496
496 497
497 498
495 498
499 500
500 501
501 502
499 502
503 504
504 505
505 506
506 507
507 508
508 509
509 510
510 511
511 512
512 513
513 514
514 515
515 516
516 517
517 518
518 519
519 520
520 521
521 522
522 523
523 524
524 525
525 526
526 527
527 528
528 529
529 530
530 531
531 532
532 533
533 534
534 535
535 536
536 537
537 538
538 539
539 540
540 541
541 542
542 543
543 544
503 544
545 546
546 547
547 548
548 549
549 550
550 551
545 551
